node6:0.999989
node5:0.999924
node4:0.999494
node3:0.996625
node2:0.977500
node1:0.850000
