node2:1.069767
node3:1.069767
node1:0.930233
node4:0.930233
