node1:1.000000
node2:1.000000
node3:1.000000
node4:1.000000
node5:1.000000
