node1:1.183189
node5:1.131649
node2:1.004967
node3:0.974329
node4:0.927933
node6:0.892437
node7:0.885496
